1684 2600
3089 1013
548 386
948 3978
4065 220
1748 1262
2688 4396
193 4459
385 2894
3385 2345
3324 3201
191 1256
312 3335
2723 3092
3755 2694
191 4516
2322 1460
3997 1704
3122 2489
3069 4498
3390 3479
888 3125
4469 449
2020 1927
3280 2995
1964 2053
13 1001
53 2550
3585 4451
699 3930
2416 2078
2233 1010
1500 97
3037 2742
3473 3
1113 3595
1266 2856
3111 2565
3810 4459
495 4298
865 2750
2997 320
2903 3670
3367 2811
4462 740
1424 2166
2125 523
4317 942
138 4384
2389 3327
3477 2059
570 2782
4036 4333
3982 592
1227 3732
1095 2918
411 1073
4538 4339
1550 4178
2663 214
4134 2249
3358 4063
3110 3344
2551 258
551 4502
2778 1301
1939 3223
2697 4034
3758 904
370 2140
1614 4462
2858 1358
2177 4355
227 2314
1022 4108
4400 3228
4040 1093
1063 3803
2216 1777
929 3647
976 27
3066 1641
2941 4448
638 366
2566 707
425 2920
4442 2158
1083 1167
3395 1189
1810 2847
3665 199
84 4164
2329 4215
2402 1887
4183 3593
3160 1505
2235 1416
1251 2597
742 401
1974 133
2494 480
4052 3339
1738 246
573 4406
3432 994
3053 1147
1210 1719
3895 3227
4102 281
669 3212
199 4078
4413 4033
2543 60
4092 2248
1069 4375
982 3710
3749 3672
2339 1283
3538 667
3104 2578
646 880
1297 1743
3595 2697
3124 3899
1721 1685
1629 2177
1308 691
3569 2067
705 1362
401 75
2622 2766
2415 1069
2210 4053
1287 1826
1055 3850
1347 622
601 4273
4457 4287
3356 2555
1998 2553
1168 4108
1965 3580
745 2404
1128 3442
4098 2049
341 1342
3311 2113
287 744
2330 4065
888 963
1831 4498
1601 3462
895 4287
113 1640
2311 4389
3641 606
475 3283
195 2642
3885 3412
3076 3545
4279 294
4347 1407
2080 1262
980 2299
1268 1956
1003 1093
1961 3083
368 472
1305 1442
1412 2898
4058 4121
3012 1850
2235 1820
4004 2082
1087 551
2570 1712
3839 283
4150 1730
3624 2175
679 2301
3229 1227
2088 748
2028 1271
651 2080
569 188
1899 969
3633 1493
1820 2275
1832 3086
1816 3436
3341 1306
1223 2614
3117 214
1787 95
2977 3930
1720 2435
3572 4389
900 1202
1453 1547
1781 3244
2670 471
2403 1991
994 3050
1701 1220
1764 1686
2385 2894
2946 2916
3817 2983
2799 1216
2072 865
942 3289
1640 495
373 1020
175 3589
1129 2802
3345 1962
3199 2341
4046 467
3300 1843
4255 2476
3101 3202
2811 2516
1448 4225
553 2336
3655 1149
3283 18
1049 773
2241 3841
3779 4186
1719 2866
3821 2619
3196 579
2402 359
3847 4085
2103 2265
335 534
16 3331
56 719
3482 3234
2638 510
1731 953
2896 2939
968 3204
3182 765
646 4152
1205 3326
319 4034
2105 2246
3512 1274
216 4385
3997 2007
1302 7
1424 1096
3088 293
3771 2928
2942 1713
3832 2404
1146 2892
1869 4469
992 1052
939 3474
1057 548
176 1196
1575 1260
3317 3290
2266 2048
2984 3136
2360 4343
1455 2622
4397 1909
1040 2794
11 4382
318 3284
1265 2801
2478 4030
1754 4177
3180 3903
1664 919
1820 217
2837 3890
2175 2866
2610 2866
2152 1748
192 1023
927 2892
2271 3593
3774 3432
2404 4184
1238 2852
431 2728
3409 3595
3953 669
4055 1864
187 3869
4049 2498
1748 2052
1144 1129
51 3558
4431 1286
3661 1138
4192 366
335 1516
4502 610
1493 3570
4244 3923
63 2633
683 2045
2785 450
623 3655
1172 2551
70 1605
1166 1073
1120 1399
4395 1139
2711 2485
2642 1139
1132 1654
2899 4072
4015 4397
1178 2828
1864 187
2344 361
1421 472
293 420
3977 1248
2827 429
720 2176
4290 87
2832 2427
1760 4232
2258 651
2847 1993
4407 2434
2334 745
180 4486
3769 1550
30 1403
2152 4287
896 3585
970 1910
3084 3886
289 1447
542 3131
2579 3245
3965 1368
3734 4140
3526 4045
3911 4506
4077 1824
579 3201
1415 1870
2457 2849
2946 1957
2337 2820
3609 1814
2661 240
1435 2816
1654 1787
302 2078
3027 3486
1980 977
3736 3841
2017 2362
1200 2250
2924 745
719 3395
408 2230
1239 716
2059 788
2619 3328
3570 2385
3291 4092
3681 4362
8 1421
4534 937
1248 2286
787 2241
2487 524
1438 4250
559 681
3071 4179
1305 69
1335 1668
1450 3624
2993 1115
1712 1145
1267 1967
4087 2683
1310 4493
688 861
1557 2766
4440 4145
422 579
1602 1384
1877 4126
3976 1621
2235 1618
1113 3833
727 4511
3180 4484
4397 1710
3275 2520
1902 1735
370 2363
2649 1533
3924 359
888 3444
3164 1338
316 2395
344 545
2707 922
1099 2674
205 3953
2734 2333
715 2325
1830 766
2621 1570
2861 2905
3671 2841
1463 1739
3089 756
1967 1382
3235 2814
4002 3057
2626 457
3329 3675
4280 4246
626 855
2551 2745
3504 3224
471 454
4466 2743
1853 3094
1147 606
4120 3985
2149 3805
4079 3625
981 1220
1436 1134
2371 3413
900 3619
2348 3318
2469 888
1831 2627
1170 396
4498 2657
305 767
1006 4120
579 33
142 11
3099 1365
152 2120
390 3920
4056 3802
1840 2244
2059 2262
2839 1962
2005 4025
1667 832
17 1492
2965 1831
4015 55
1732 316
1339 1808
4556 2487
2454 3557
143 60
315 1820
939 4189
4430 1310
3692 1962
742 42
2804 4430
3511 1834
3738 3521
280 1678
1550 4520
1301 1240
368 313
2936 4009
969 3289
971 2369
659 1854
1809 1135
3311 4339
1468 2937
429 4087
1471 1916
401 820
3057 1816
1872 1099
4415 3854
3251 4336
2330 2917
1796 243
3237 1705
1855 3070
2409 1724
3561 1927
3364 2597
1431 1227
4189 4152
3613 4459
2917 2999
1876 2033
4324 1382
1188 1104
1154 4147
3322 11
788 766
2100 546
1169 1211
2917 94
4422 1018
2394 238
2608 1179
3261 331
766 1503
2916 3513
4379 1775
130 3005
79 134
1254 2845
2640 2538
1351 3178
2537 3587
17 2955
357 3840
1354 434
136 1627
1368 1008
201 1026
1383 3643
826 949
1408 4027
3316 551
48 316
3283 3094
4347 2473
4366 1710
2194 4248
2421 3424
2224 4167
316 3167
1824 1624
4216 3526
2465 614
3754 2171
1798 149
2090 1896
2821 3086
838 2037
792 3327
2706 1103
3447 1474
4331 1305
1052 909
832 114
802 4509
4562 3405
1591 69
2811 4517
3718 4291
326 3996
1573 1546
1640 3283
1093 486
84 3318
168 2600
2025 1216
2870 1475
739 1118
1891 2627
1621 2461
471 1986
1008 67
1465 2781
4303 2327
2642 3209
496 2872
988 2997
489 1178
1171 2742
4045 3681
1626 3955
4554 4522
1293 2727
2478 2502
2286 4201
2276 2040
1946 3544
2014 2879
1547 3468
799 3815
3377 1006
4334 2832
410 738
3374 1659
3897 3823
1085 4338
1636 1483
898 3748
46 87
1089 515
2498 883
1986 1848
4220 1109
4173 2997
1570 1538
936 3352
1622 1711
1854 2423
2704 2340
1781 2601
2657 1820
4177 4118
4026 1245
1135 2613
1069 1591
249 3532
805 837
2685 4189
1139 1306
828 1304
3471 4339
2725 461
3231 3824
2824 1991
2977 589
368 3161
3791 1306
2860 520
2300 4064
3540 2533
801 3580
1188 3559
3657 4303
2481 2025
2465 1094
4455 4389
4466 4417
3887 4321
2522 3513
980 3112
135 2315
3824 1785
317 192
515 2671
3481 4105
2801 412
1820 2345
1566 2020
3364 111
1172 4016
3156 4259
3749 1913
2485 1381
3201 4439
1542 1287
2082 4058
3442 596
2311 1321
1856 414
375 355
2224 800
71 4133
1591 2340
3821 4469
2532 1785
2543 2176
4109 3818
3508 4294
450 1019
1395 233
3557 1250
195 682
1931 1085
4 3249
119 907
352 1424
1077 1043
4234 398
2046 1978
4333 3847
3727 1209
3859 412
4167 1940
185 2404
2338 631
209 1137
1591 747
3569 3168
3881 2074
610 754
2057 3691
2655 1260
3368 3824
1200 392
4167 3930
410 2401
1731 4178
3204 1803
3867 1820
2955 1509
194 2045
2275 230
2858 439
2300 293
1299 3867
4082 3256
2465 98
417 3112
806 1135
1820 438
4201 3124
3804 1466
2916 2725
329 352
335 1208
758 840
2228 829
2333 48
3145 2894
3633 300
4344 3932
1774 3715
174 2222
3982 2053
953 1517
4287 711
686 4071
1399 2785
3419 1395
3880 3244
2470 749
3494 2882
4339 3571
1981 2916
1892 4415
2682 3657
954 70
2924 1770
2805 3102
912 3480
2906 3243
476 507
1723 3165
4529 2451
1591 4486
4175 3373
3674 3881
2245 1432
1826 1977
1305 587
3978 3177
4238 4442
365 2619
1678 2343
3587 4429
1527 4145
785 2717
2684 1722
744 1251
2872 2465
3861 2640
4079 1719
2351 2630
2244 1492
1310 1589
3814 4047
4545 2983
2742 4417
134 523
3793 1507
2355 2478
3833 3841
284 558
510 323
2856 1265
2243 2497
3458 3532
4392 4488
3009 3968
1099 3902
2660 1309
4117 4061
1233 3455
3899 1120
579 1415
367 4439
959 491
2872 1023
3953 2379
1140 974
1826 3491
3562 3798
509 549
610 3198
135 4407
3467 4456
1442 1115
1078 86
1416 110
3948 1450
4262 2352
361 720
738 2386
1466 2472
2954 2518
3360 1521
4206 3339
1654 3827
2359 1776
4027 1881
3804 56
4397 431
2765 1450
749 832
1322 907
2851 154
4087 1636
1120 99
2020 1985
2791 3996
3774 151
3199 1490
2067 212
668 2977
3692 2339
3925 3325
738 565
480 3054
3104 4498
580 201
2242 3841
3609 2534
424 992
3180 3008
4206 3936
2767 1763
97 2019
1623 1614
3544 3074
331 1583
4417 2903
2286 4546
4345 2424
3356 3625
4085 4407
720 3670
2937 2119
1486 2328
378 573
2570 4510
174 2720
320 2370
4454 2136
255 2633
896 2177
2608 1571
4119 2476
976 1109
58 2702
2905 3806
2023 489
4480 270
104 1151
2840 3798
1069 3135
3785 2470
4082 2561
2913 3237
3345 3291
970 2020
69 1430
3921 2694
480 1739
1318 1493
3322 2194
2974 907
2305 2946
4285 4171
1570 4414
1023 814
399 3015
1275 3913
3162 3532
2866 3088
986 1647
1628 4327
1095 3925
3549 4238
720 1216
2620 3000
1407 2532
3895 140
2861 1236
1233 3805
3015 3476
1322 4127
4485 3177
4121 4275
3625 3356
3961 3075
1434 87
3595 603
3258 3731
1300 1416
907 379
993 3723
3713 1145
4263 4071
4250 1099
4496 293
1582 3975
1668 1153
4232 3165
2947 569
2797 2335
3669 410
28 88
1432 2807
4548 858
1073 2239
968 476
2350 60
971 2166
4441 1102
2282 2315
67 2014
3212 3323
1112 1569
3349 1812
1004 4386
4286 3824
4064 763
814 113
2567 985
2428 3800
4513 2566
558 2570
1340 4395
892 694
187 2319
1741 3348
614 2149
3124 2997
1006 3597
1822 2915
398 3143
1532 3793
752 3446
4506 3325
798 2420
1542 1465
1000 2743
2945 139
856 3739
3940 4216
1473 2811
786 1895
534 1940
866 2658
755 1897
639 4321
2485 378
3456 7
3930 4167
2655 864
2891 3810
4431 3348
3717 461
370 3348
1649 2374
3961 387
3608 835
792 4347
2640 1878
1144 1508
2187 622
414 4178
3067 3087
2619 4407
2250 4301
429 1866
2245 3915
2936 4056
4176 1266
1720 3900
1875 792
4137 2173
4173 1537
1123 1179
2714 1759
4265 1840
1962 508
2221 2545
3700 1689
4108 2154
479 2816
427 1972
838 1702
3845 1380
316 3611
1450 1687
3947 392
2168 657
2000 2532
4023 1850
205 1831
4451 4366
3474 4356
1617 2995
2438 4027
3072 2291
2919 4328
2000 1168
4451 149
2965 1341
2580 3086
2739 4393
2995 720
2572 3802
3816 858
1525 2872
1020 4317
3718 3624
2632 668
3608 3762
994 1134
1880 1546
2834 2407
2226 1958
4520 2832
4 2905
610 1831
3312 2301
4144 2396
1799 3148
3187 2845
654 3625
2677 992
703 2483
3737 517
3204 2415
2080 835
3015 2014
394 1679
1630 878
2969 2137
1665 3032
2236 2002
3960 2866
1008 2792
1962 4397
1640 1256
2432 2470
521 2286
4414 1802
1701 4026
3518 2033
3837 3316
4055 3291
610 2190
634 4258
1419 3052
4188 2809
3122 785
1989 4351
1072 523
3986 1825
2052 3350
3736 2742
2339 4457
2709 2336
2051 1663
4145 641
2841 3302
3403 4217
2431 3326
104 1910
2663 3727
1007 831
3891 1799
2822 3479
458 2468
3177 2268
668 602
2569 3785
3771 4017
2168 2461
817 3075
2482 2176
2846 814
3430 2978
2048 365
3879 8
1188 302
733 3015
1115 2819
717 4511
4458 1010
3474 2790
921 4298
1508 2298
537 428
1136 4368
3284 461
3234 3307
4102 3512
3701 319
1651 3674
1134 4201
2416 1411
3148 2702
69 3376
371 2168
4299 584
991 2974
2965 3204
1032 2937
1932 4020
239 4036
1375 317
2403 4334
665 619
2466 4350
3930 506
2105 516
3670 1148
2078 2461
3961 4074
3580 1965
3503 3217
3961 37
243 2120
1654 4314
1040 3383
1767 4400
3580 1977
4397 403
4065 4097
3028 3007
4120 178
92 756
3124 3381
2702 1852
432 1099
806 4339
741 2564
3445 4207
4173 1034
4072 2827
2136 3628
3514 3802
3326 631
3766 2546
979 4033
3325 3421
1887 3386
255 66
370 4043
11 2882
1155 4065
2492 1915
2628 2385
1639 4292
3249 2674
2033 4223
3723 2139
3913 3943
876 1974
3674 1099
4415 510
3008 4228
3911 3623
2946 4419
2460 1048
1774 3359
2886 3073
3862 1905
4417 2242
2678 2681
17 2537
3067 605
442 1170
720 2052
1790 1782
1853 2464
2583 1120
2501 3300
3895 2388
1755 3529
4053 1946
2711 300
2892 3111
1619 3919
661 1035
2174 2343
364 2097
3804 420
1711 172
1170 293
3635 511
1155 2515
1679 1921
2549 1135
2642 4456
2694 3930
611 3889
1640 2578
3802 1997
1561 2747
3243 2601
3613 442
3755 1186
1629 3519
4480 1981
299 1164
2564 4317
3588 3221
848 3874
70 1198
1170 567
3008 3236
1612 673
1870 4194
2781 3723
1239 4465
3363 3498
833 4
2461 1957
3527 4145
2924 3192
1262 91
2716 3827
2552 3114
1735 1028
821 1549
85 553
2851 1265
3936 3256
3356 2746
3633 4407
2571 1250
538 2342
1304 563
3571 676
4037 4331
1647 1055
2456 1329
4227 1026
806 1697
1534 182
800 1721
910 497
3529 2696
3132 1767
489 720
941 1216
2709 897
108 736
3850 4085
2392 3145
3284 1252
4086 1820
3384 365
1120 2359
601 427
256 464
477 3119
1154 486
3839 2266
4407 2663
2036 1440
378 3062
135 3031
4072 1516
105 4049
3765 3019
1653 3124
3148 2048
174 1505
2287 3503
3794 544
3608 3150
4055 2362
2257 2400
724 637
817 3394
1436 3769
2876 4025
800 3421
347 1089
4506 1021
2700 531
817 4286
3970 359
1605 1990
541 1000