0 330
0 371
0 486
0 695
0 703
0 797
0 927
0 1008
0 1017
0 1051
0 1065
0 1106
0 1172
0 1307
0 1342
0 1403
0 1751
0 1816
0 1922
0 1971
0 2174
0 2177
0 2398
0 2514
0 2632
0 2820
0 2912
0 2949
0 2986
0 3096
0 3193
0 3218
0 3366
0 3452
0 3454
0 3539
0 3570
0 3582
0 3623
0 3697
0 3793
0 3835
0 3966
0 4072
0 4073
0 4209
0 4313
0 4348
1 27
1 87
1 150
1 475
1 504
1 694
1 728
1 777
1 1015
1 1018
1 1049
1 1201
1 1273
1 1299
1 1309
1 1726
1 1786
1 1867
1 1910
1 1975
1 2156
1 2320
1 2374
1 2379
1 2401
1 2456
1 2463
1 2506
1 2938
1 3042
1 3195
1 3321
1 3379
1 3421
1 3478
1 3620
1 3716
1 3736
1 3751
1 3857
1 3941
1 3965
1 4011
1 4021
1 4350
1 4523
1 4537
1 4556
2 126
2 333
2 671
2 687
2 688
2 734
2 744
2 824
2 900
2 902
2 1099
2 1102
2 1272
2 1415
2 2046
2 2229
2 2454
2 2461
2 2549
2 2678
2 2811
2 2827
2 3039
2 3127
2 3641
2 3785
2 3881
2 4358
3 36
3 825
3 1073
3 1167
3 1363
3 1578
3 2110
3 2213
3 2298
3 2502
3 2776
3 3015
3 3070
3 3101
3 3313
3 3679
3 3829
3 3992
3 4094
4 8
4 14
4 30
4 31
4 78
4 250
4 371
4 449
4 489
4 571
4 580
4 650
4 699
4 882
4 931
4 941
4 1035
4 1086
4 1146
4 1154
4 1174
4 1210
4 1214
4 1215
4 1241
4 1265
4 1391
4 1565
4 1576
4 1604
4 1606
4 1612
4 1683
4 1771
4 1860
4 1872
4 1881
4 1887
4 1902
4 1919
4 2026
4 2124
4 2309
4 2367
4 2489
4 2500
4 2509
4 2512
4 2521
4 2809
4 2920
4 2952
4 2990
4 3085
4 3102
4 3130
4 3305
4 3417
4 3459
4 3473
4 3538
4 3621
4 3636
4 3671
4 3745
4 3839
4 3853
4 3916
4 3971
4 3989
4 4010
4 4016
4 4064
4 4228
4 4231
4 4236
4 4264
4 4368
4 4534
4 4556
5 1909
5 3537
6 35
6 98
6 116
6 203
6 325
6 379
6 443
6 507
6 535
6 609
6 612
6 726
6 877
6 882
6 896
6 1035
6 1117
6 1209
6 1217
6 1321
6 1377
6 1464
6 1542
6 1631
6 1643
6 1680
6 1727
6 1771
6 1864
6 1886
6 1967
6 1969
6 1974
6 2044
6 2178
6 2377
6 2489
6 2511
6 2512
6 2536
6 2596
6 2728
6 2752
6 2810
6 2815
6 2931
6 2948
6 3065
6 3162
6 3167
6 3172
6 3412
6 3552
6 3621
6 3662
6 3705
6 3716
6 3741
6 3894
6 3953
6 3989
6 4003
6 4026
6 4031
6 4089
6 4184
6 4449
6 4515
7 37
7 142
7 243
7 269
7 317
7 335
7 467
7 574
7 595
7 633
7 773
7 875
7 928
7 963
7 998
7 1009
7 1020
7 1099
7 1121
7 1135
7 1198
7 1206
7 1208
7 1214
7 1221
7 1224
7 1236
7 1383
7 1840
7 1865
7 2007
7 2028
7 2107
7 2282
7 2336
7 2455
7 2491
7 2516
7 2537
7 2545
7 2579
7 2583
7 2678
7 2708
7 2714
7 2847
7 2856
7 2869
7 2975
7 3072
7 3383
7 3438
7 3494
7 3508
7 3522
7 3567
7 3590
7 3734
7 3776
7 3936
7 3977
7 4015
7 4139
7 4264
7 4334
7 4344
7 4533
7 4545
8 4
8 25
8 29
8 35
8 58
8 85
8 125
8 126
8 159
8 172
8 192
8 203
8 204
8 240
8 266
8 289
8 299
8 312
8 370
8 379
8 393
8 418
8 424
8 443
8 454
8 457
8 476
8 489
8 492
8 506
8 516
8 535
8 543
8 562
8 596
8 623
8 640
8 646
8 669
8 744
8 752
8 808
8 809
8 826
8 847
8 854
8 882
8 905
8 915
8 916
8 933
8 946
8 950
8 953
8 965
8 1025
8 1026
8 1030
8 1035
8 1037
8 1117
8 1128
8 1145
8 1154
8 1159
8 1194
8 1208
8 1214
8 1222
8 1241
8 1280
8 1293
8 1296
8 1311
8 1321
8 1395
8 1398
8 1399
8 1410
8 1411
8 1415
8 1422
8 1449
8 1476
8 1490
8 1510
8 1512
8 1531
8 1577
8 1604
8 1612
8 1631
8 1657
8 1693
8 1712
8 1724
8 1740
8 1766
8 1767
8 1831
8 1872
8 1903
8 1919
8 1938
8 1965
8 1978
8 1981
8 1982
8 1994
8 2031
8 2044
8 2049
8 2068
8 2085
8 2088
8 2089
8 2092
8 2101
8 2127
8 2148
8 2159
8 2164
8 2169
8 2171
8 2181
8 2201
8 2222
8 2267
8 2337
8 2352
8 2357
8 2360
8 2404
8 2407
8 2429
8 2440
8 2478
8 2497
8 2509
8 2512
8 2516
8 2521
8 2526
8 2531
8 2552
8 2553
8 2579
8 2595
8 2614
8 2630
8 2636
8 2721
8 2726
8 2731
8 2734
8 2748
8 2796
8 2797
8 2800
8 2807
8 2809
8 2810
8 2862
8 2900
8 2943
8 2945
8 2961
8 2984
8 3053
8 3056
8 3072
8 3085
8 3098
8 3100
8 3106
8 3117
8 3138
8 3139
8 3156
8 3157
8 3162
8 3166
8 3180
8 3210
8 3213
8 3214
8 3228
8 3238
8 3249
8 3271
8 3286
8 3307
8 3343
8 3347
8 3363
8 3368
8 3391
8 3402
8 3428
8 3433
8 3435
8 3440
8 3459
8 3474
8 3493
8 3498
8 3508
8 3538
8 3543
8 3589
8 3601
8 3635
8 3640
8 3648
8 3716
8 3740
8 3746
8 3774
8 3796
8 3839
8 3853
8 3854
8 3879
8 3884
8 3975
8 3989
8 3997
8 3999
8 4010
8 4043
8 4046
8 4055
8 4064
8 4083
8 4089
8 4098
8 4113
8 4137
8 4151
8 4197
8 4200
8 4225
8 4273
8 4296
8 4298
8 4332
8 4371
8 4377
8 4378
8 4386
8 4425
8 4462
8 4473
8 4492
8 4537
8 4541
8 4554
8 4556
9 455
9 1028
9 1052
9 2279
9 2555
9 2662
9 2998
9 4198
9 4299
9 4530
10 301
10 416
10 601
10 802
10 925
10 937
10 1127
10 1181
10 1298
10 1438
10 1439
10 1506
10 1585
10 1609
10 1610
10 1656
10 1696
10 1729
10 1816
10 1849
10 1928
10 1936
10 1949
10 1993
10 2017
10 2232
10 2635
10 2640
10 2666
10 2673
10 2689
10 2717
10 2761
10 2965
10 3031
10 3048
10 3158
10 3176
10 3217
10 3229
10 3354
10 3539
10 3843
10 3845
10 3848
10 3855
10 3948
10 3955
10 3970
10 4149
10 4157
10 4268
10 4336
10 4373
10 4527
11 17
11 25
11 35
11 39
11 62
11 101
11 103
11 120
11 128
11 153
11 172
11 218
11 222
11 223
11 237
11 240
11 249
11 261
11 266
11 276
11 281
11 298
11 299
11 314
11 322
11 332
11 343
11 368
11 402
11 435
11 440
11 453
11 457
11 492
11 531
11 623
11 626
11 638
11 711
11 714
11 721
11 736
11 747
11 754
11 761
11 767
11 791
11 801
11 825
11 847
11 854
11 858
11 863
11 865
11 874
11 892
11 915
11 919
11 929
11 942
11 984
11 991
11 1030
11 1049
11 1066
11 1072
11 1086
11 1108
11 1117
11 1126
11 1145
11 1148
11 1164
11 1195
11 1226
11 1270
11 1277
11 1308
11 1326
11 1331
11 1372
11 1387
11 1399
11 1406
11 1411
11 1474
11 1476
11 1499
11 1512
11 1539
11 1553
11 1557
11 1571
11 1580
11 1587
11 1634
11 1636
11 1648
11 1665
11 1702
11 1729
11 1757
11 1760
11 1793
11 1810
11 1817
11 1833
11 1876
11 1888
11 1902
11 1928
11 1957
11 1959
11 1971
11 1985
11 2024
11 2033
11 2036
11 2068
11 2117
11 2127
11 2128
11 2143
11 2159
11 2164
11 2197
11 2199
11 2237
11 2239
11 2262
11 2284
11 2291
11 2327
11 2338
11 2362
11 2406
11 2407
11 2446
11 2473
11 2497
11 2507
11 2513
11 2517
11 2520
11 2543
11 2550
11 2551
11 2555
11 2579
11 2586
11 2600
11 2611
11 2612
11 2639
11 2670
11 2695
11 2697
11 2760
11 2791
11 2809
11 2842
11 2871
11 2881
11 2894
11 2913
11 2931
11 2940
11 2957
11 2987
11 3012
11 3018
11 3068
11 3072
11 3077
11 3108
11 3122
11 3137
11 3173
11 3205
11 3211
11 3214
11 3268
11 3269
11 3279
11 3280
11 3302
11 3392
11 3405
11 3407
11 3414
11 3416
11 3440
11 3452
11 3458
11 3469
11 3470
11 3472
11 3475
11 3490
11 3499
11 3569
11 3575
11 3613
11 3638
11 3648
11 3654
11 3684
11 3685
11 3716
11 3735
11 3740
11 3751
11 3813
11 3825
11 3832
11 3833
11 3861
11 3879
11 3918
11 3919
11 3923
11 3925
11 3939
11 3977
11 3984
11 3989
11 3990
11 4005
11 4012
11 4035
11 4048
11 4069
11 4078
11 4096
11 4112
11 4125
11 4129
11 4140
11 4172
11 4197
11 4203
11 4225
11 4248
11 4297
11 4389
11 4407
11 4451
11 4479
11 4480
11 4492
11 4496
11 4539
11 4558
12 20
12 356
12 420
12 646
12 1000
12 1030
12 1299
12 1544
12 1767
12 1777
12 1901
12 2278
12 2309
12 2444
12 2585
12 2751
12 2753
12 3358
12 3594
12 3596
12 3799
12 3941
12 4145
12 4326
12 4406
12 4435
13 89
13 103
13 126
13 338
13 384
13 498
13 507
13 516
13 562
13 740
13 963
13 1023
13 1101
13 1140
13 1148
13 1213
13 1233
13 1394
13 1399
13 1499
13 1504
13 1572
13 1648
13 1668
13 1771
13 1776
13 1827
13 1874
13 1902
13 1980
13 2108
13 2208
13 2397
13 2494
13 2497
13 2507
13 2511
13 2521
13 2567
13 2595
13 2599
13 2669
13 2757
13 2793
13 2856
13 2913
13 2970
13 3130
13 3185
13 3212
13 3260
13 3382
13 3419
13 3599
13 3634
13 3677
13 3685
13 3741
13 3956
13 4004
13 4023
13 4048
13 4083
13 4113
13 4203
13 4229
13 4254
13 4353
13 4391
13 4483
13 4561
14 4
14 20
14 39
14 78
14 127
14 253
14 411
14 449
14 528
14 618
14 626
14 699
14 869
14 916
14 946
14 1036
14 1174
14 1206
14 1215
14 1315
14 1387
14 1416
14 1668
14 1726
14 1819
14 1901
14 1919
14 1944
14 2061
14 2095
14 2165
14 2250
14 2310
14 2404
14 2429
14 2466
14 2598
14 2729
14 2815
14 2818
14 2827
14 2856
14 2945
14 2948
14 2983
14 3071
14 3106
14 3214
14 3305
14 3416
14 3580
14 3671
14 3737
14 3857
14 3927
14 3935
14 3975
14 3999
14 4234
14 4352
14 4361
14 4412
14 4426
14 4464
14 4488
15 165
15 236
15 243
15 284
15 288
15 347
15 482
15 586
15 740
15 746
15 855
15 864
15 979
15 1168
15 1300
15 1395
15 1399
15 1416
15 1450
15 1606
15 1965
15 1975
15 2007
15 2297
15 2318
15 2456
15 2465
15 2663
15 2948
15 2952
15 3044
15 3092
15 3157
15 3251
15 3275
15 3316
15 3323
15 3340
15 3435
15 3436
15 3536
15 3716
15 3761
15 3800
15 3905
15 3940
15 3956
15 4041
15 4117
15 4382
15 4507
15 4537
16 25
16 117
16 1105
16 1154
16 1674
16 1954
16 4536
17 11
17 34
17 101
17 120
17 151
17 223
17 240
17 244
17 247
17 318
17 372
17 384
17 453
17 457
17 531
17 556
17 657
17 747
17 805
17 841
17 865
17 997
17 1047
17 1052
17 1072
17 1154
17 1230
17 1310
17 1311
17 1389
17 1402
17 1411
17 1447
17 1474
17 1516
17 1527
17 1597
17 1655
17 1708
17 1778
17 1829
17 1876
17 1902
17 1906
17 2002
17 2096
17 2110
17 2143
17 2194
17 2218
17 2227
17 2291
17 2292
17 2321
17 2415
17 2431
17 2436
17 2473
17 2495
17 2500
17 2527
17 2543
17 2581
17 2611
17 2658
17 2670
17 2828
17 2853
17 2879
17 2894
17 2900
17 2904
17 2940
17 2968
17 3080
17 3110
17 3122
17 3126
17 3200
17 3224
17 3312
17 3367
17 3393
17 3397
17 3425
17 3429
17 3431
17 3587
17 3649
17 3654
17 3716
17 3773
17 3869
17 3908
17 3977
17 3983
17 4006
17 4035
17 4048
17 4112
17 4179
17 4228
17 4252
17 4299
17 4492
17 4534
18 264
18 424
18 480
18 567
18 749
18 825
18 1148
18 1481
18 1499
18 1841
18 1859
18 2149
18 2174
18 2346
18 2475
18 2587
18 2911
18 2912
18 3010
18 3302
18 3342
18 3407
18 4133
18 4224
18 4413
19 247
19 264
19 266
19 300
19 405
19 623
19 767
19 818
19 827
19 1104
19 1721